1,290.632598877,2,925,3,398.608612061
1,251.544052124,2,799,3,158.121780396
1,261.054000854,2,1120,3,411.216430664
1,400.272247314,2,516,3,297.44430542
1,377.792892456,2,1229,3,351.227920532
1,540.316207886,2,744,3,283.709609985
1,430.837905884,2,576,3,360.384384155
1,266.819763184,2,1120,3,404.18170166
1,322.792739868,2,721,3,185.572311401
1,389.917602539,2,1110,3,201.782363892
1,481.192230225,2,330,3,155.783157349
1,334.879486084,2,615,3,315.082992554
1,276.201583862,2,573,3,240.789276123
1,380.573745728,2,941,3,250.51625061
1,413.592819214,2,377,3,421.245162964
1,516.100006104,2,732,3,280.95135498
1,373.588394165,2,478,3,169.626296997
1,293.484634399,2,420,3,273.539428711
1,318.256057739,2,1084,3,430.769393921
1,463.026519775,2,309,3,292.196548462
1,525.923156738,2,800,3,125.687530518
1,272.65196228,2,892,3,375.580718994
1,366.555587769,2,479,3,142.897155762
1,466.955780029,2,1172,3,321.613220215
1,487.593887329,2,1137,3,267.282669067
1,254.657089233,2,972,3,390.673324585
1,348.997299194,2,242,3,236.29119873
1,534.512481689,2,1187,3,331.858840942
1,401.990112305,2,779,3,239.945297241
1,296.588180542,2,363
1,279.513931274,2,415
1,251.254577637,2,1154
1,496.847579956,2,858
1,343.843704224,2,754
1,473.205581665,2,1101
1,510.111206055,2,1054
1,537.601791382,2,550
1,259.174789429,2,1115
1,314.701690674,2,690
1,443.384963989,2,1077
1,326.878601074,2,770
1,349.894195557,2,792
1,506.523620605,2,767
1,239.765762329,2,768
1,530.915405273,2,951
1,366.342041016,2,444
1,418.399993896,2,511
1,316.709030151,2,918
1,241.284317017,2,284
